0  4  4  4  4  4  4  4  4  4  4  4  4  4  4  0  23  


1  50 50  50  50  50  50  50  50  50  50  50  50 50  1   1   25


2  50 5  50  5  50  5  50  5  50  5  50  5 50  2  2  25


1  50 50  50  50  50  50  50  50  50  50  50  50 50  1  1  25


2  50 5  50  5  50  5  50  5  50  5  50  5 50  2  2  25
 

1  50 50  50  50  50  50  50  50  50  50  50  50 50  1  1  25


2  50 5  50  5  50  5  50  5  50  5  50  5 50  2  2  25


1  50 50  50  50  50  50  50  50  50  50  50  50 50  1  1  25


2  50 5  50  5  50  5  50  5  50  5  50  5 50  2  2  25


1  50 50  50  50  50  50  50  50  50  50  50  50 50  1  1  25


2 50 5  50  5  50  5  50  5  50  5  50  5 50  2 2  25


1  50 50  50  50  50  50  50  50  50  50  50  50 50  1  1 25


3  7 7  7  7  7  7  7  7  7  7  7  7 7  7  3 27