19 19 19 19 19 19 19 19 19 19 19 19  19 19 19 19  19  
19 19 19 19 19 19 19 19 19 19 19 19  19 19 19 19  19  
19 19 19 19 19 19 10 19 19 19 19 10  10 10 19 19  19  
19 19 19 19 19 19 19 19 19 19 19 19  19 19 19 19  19  
19 19 19 19 19 19 10 19 19 19 19 19  19 19 19 19  19  
19 19 19 19 19 19 10 10 10 19 19 19  19 19 19 19  19  
19 19 19 19 19 19 19 19 19 19 19 19  19 19 19 19  19  
19 19 19 19 19 19 4 19 19 19 19 19  19 19 19 19  19  
19 19 19 19 19 19 4 4 4 4 19 19  19 19 19 19  19  
19 10 10 10 19 19 19 19 19 19 19 19  19 19 19 19  19  
19 19 19 19 19 19 4 19 19 19 19 19  19 19 19 19  19  
19 19 19 19 19 19 19 19 19 19 19 19  19 19 19 19  19  
19 19 19 19 19 19 19 19 19 19 19 19  19 19 19 19  19  